step,windows,learning_rate,loss,grad_norm
1,32,0.0001,0.70207098,0.46974906
2,64,0.0002,0.69047529,0.26792195
3,96,0.0003,0.69041511,0.20417866
4,128,0.0004,0.68782473,0.43107209
5,160,0.0005,0.69240284,0.16012277
6,192,0.0006,0.68584684,0.167108
7,224,0.0007,0.69090027,0.20994622
8,256,0.0008,0.70192003,0.25364909
9,288,0.0009,0.6812014,0.16242875
10,320,0.001,0.65989077,0.25068933
11,352,0.0011,0.66451615,0.26643032
12,384,0.0012,0.67386672,0.25389305
13,416,0.0013,0.66810808,0.20561165
14,448,0.0014,0.63587257,0.38538003
15,480,0.0015,0.721403,0.54721075
16,512,0.0016,0.76470968,0.62791002
17,544,0.0017,0.74060026,0.50526154
18,576,0.0018,0.65739661,0.19323649
19,608,0.0019,0.68816322,0.53415895
20,640,0.002,0.68600187,0.26953834
21,672,0.002,0.67404839,0.58347797
22,704,0.0019999954,0.61962172,0.49105638
23,736,0.0019999815,0.67451763,0.29998317
24,768,0.0019999584,0.68834618,0.48767388
25,800,0.001999926,0.66263628,0.19923557
26,832,0.0019998844,0.70633492,0.35774934
27,864,0.0019998335,0.61311835,0.31347498
28,896,0.0019997734,0.72056293,0.36986744
29,928,0.0019997041,0.7023555,0.42400521
30,960,0.0019996254,0.69459322,0.29130709
31,992,0.0019995376,0.67840308,0.27268812
32,1024,0.0019994405,0.6487641,0.3423481
33,1056,0.0019993342,0.69416279,0.28145722
34,1088,0.0019992186,0.68787134,0.25977096
35,1120,0.0019990938,0.66932008,0.39951947
36,1152,0.0019989597,0.64569068,0.29333743
37,1184,0.0019988164,0.68528149,0.25158447
38,1216,0.0019986639,0.69430998,0.29827875
39,1248,0.0019985021,0.65184131,0.23434927
40,1280,0.0019983311,0.6834707,0.28448415
41,1312,0.0019981509,0.68314427,0.25307223
42,1344,0.0019979614,0.63436887,0.35210544
43,1376,0.0019977627,0.61307865,0.33942559
44,1408,0.0019975548,0.69608098,0.42871913
45,1440,0.0019973376,0.65295208,0.24001637
46,1472,0.0019971113,0.64568385,0.48749664
47,1504,0.0019968757,0.67574391,0.46626523
48,1536,0.0019966309,0.58356661,0.39920712
49,1568,0.0019963769,0.72524607,0.40763611
50,1600,0.0019961136,0.59417427,0.31714189
51,1632,0.0019958412,0.60070097,0.3701933
52,1664,0.0019955596,0.64230099,0.29455009
53,1696,0.0019952687,0.64584178,0.30780897
54,1728,0.0019949687,0.71143919,0.38492468
55,1760,0.0019946594,0.64537725,0.28502056
56,1792,0.001994341,0.70033267,0.80504125
57,1824,0.0019940134,0.64737999,0.36522025
58,1856,0.0019936765,0.67237306,0.33611014
59,1888,0.0019933305,0.64733839,0.35674194
60,1920,0.0019929754,0.68684223,0.36813679
61,1952,0.001992611,0.72951359,0.49316099
62,1984,0.0019922375,0.66798672,0.23235154
63,2016,0.0019918548,0.70248169,0.4880994
64,2048,0.0019914629,0.74309671,0.62671322
65,2080,0.0019910619,0.64068848,0.22136132
66,2112,0.0019906517,0.65499234,0.31240031
67,2144,0.0019902324,0.70224801,0.38198033
68,2176,0.0019898039,0.5850364,0.59006208
69,2208,0.0019893663,0.67748335,0.33274004
70,2240,0.0019889195,0.69512853,0.243389
71,2272,0.0019884636,0.66888431,0.31545594
72,2304,0.0019879986,0.73652223,0.69663268
73,2336,0.0019875244,0.66109252,0.26569659
74,2368,0.0019870411,0.66052791,0.21628259
75,2400,0.0019865487,0.67744252,0.25069642
76,2432,0.0019860472,0.65154621,0.22194742
77,2464,0.0019855366,0.6403468,0.3166056
78,2496,0.0019850169,0.64917886,0.29238796
79,2528,0.0019844881,0.61586168,0.48005053
80,2560,0.0019839502,0.60272926,0.57333332
81,2592,0.0019834032,0.68245691,0.25895086
82,2624,0.0019828472,0.71405616,0.68117404
83,2656,0.0019822821,0.60467999,0.28331509
84,2688,0.0019817079,0.72616783,0.6091888
85,2720,0.0019811246,0.49117926,0.87129325
86,2752,0.0019805323,0.73834586,0.65402341
87,2784,0.0019799309,0.73296475,0.72540265
88,2816,0.0019793205,0.72883755,0.7214064
89,2848,0.0019787011,0.66895586,0.57834512
90,2880,0.0019780726,0.59941062,0.62924093
91,2912,0.0019774351,0.73509356,0.66095239
92,2944,0.0019767886,0.6951198,0.32147509
93,2976,0.0019761331,0.72870147,0.57789481
94,3008,0.0019754686,0.67579776,0.38622573
95,3040,0.001974795,0.62844923,0.38678482
96,3072,0.0019741125,0.66218883,0.25222355
97,3104,0.001973421,0.67463282,0.67401159
98,3136,0.0019727206,0.64736617,0.30220878
99,3168,0.0019720111,0.6246115,0.40387657
100,3200,0.0019712927,0.73822927,0.69567275
101,3232,0.0019705654,0.72974673,0.60310888
102,3264,0.0019698291,0.68773472,0.35152102
103,3296,0.0019690838,0.69089964,0.33678094
104,3328,0.0019683297,0.69054657,0.66507286
105,3360,0.0019675666,0.68341005,0.36706987
106,3392,0.0019667946,0.68428993,0.28036973
107,3424,0.0019660136,0.65729728,0.27015612
108,3456,0.0019652238,0.69320393,0.41424358
109,3488,0.0019644251,0.69273177,0.33681071
110,3520,0.0019636175,0.69707558,0.34656855
111,3552,0.0019628011,0.68008521,0.16754027
112,3584,0.0019619757,0.6886,0.24447061
113,3616,0.0019611415,0.68510723,0.29334387
114,3648,0.0019602985,0.70131582,0.26121116
115,3680,0.0019594466,0.64891273,0.35584477
116,3712,0.0019585859,0.66501904,0.27186662
117,3744,0.0019577164,0.66004011,0.34408498
118,3776,0.001956838,0.66681641,0.34398082
119,3808,0.0019559509,0.63843089,0.3904525
120,3840,0.0019550549,0.70575327,0.33294311
121,3872,0.0019541502,0.68265572,0.22520028
122,3904,0.0019532367,0.65996835,0.344291
123,3936,0.0019523144,0.65659776,0.41227409
124,3968,0.0019513833,0.66286474,0.20505431
125,4000,0.0019504435,0.70711127,0.68439567
126,4032,0.001949495,0.6318731,0.34185648
127,4064,0.0019485377,0.64473778,0.35735732
128,4096,0.0019475718,0.6952039,0.3305645
129,4128,0.0019465971,0.67110041,0.43966037
130,4160,0.0019456137,0.67302191,0.49840695
131,4192,0.0019446216,0.69113579,0.5767141
132,4224,0.0019436208,0.66085228,0.23274438
133,4256,0.0019426114,0.75499967,0.65947419
134,4288,0.0019415933,0.67700475,0.25903952
135,4320,0.0019405666,0.67034769,0.1798692
136,4352,0.0019395312,0.6302183,0.39910993
137,4384,0.0019384872,0.59038791,0.60118353
138,4416,0.0019374345,0.74199563,0.752837
139,4448,0.0019363733,0.67075473,0.62936199
140,4480,0.0019353035,0.63722265,0.24690156
141,4512,0.0019342251,0.63345075,0.30095795
142,4544,0.0019331381,0.61990231,0.45889378
143,4576,0.0019320426,0.67811751,0.33935198
144,4608,0.0019309385,0.64364296,0.40461555
145,4640,0.0019298258,0.72558057,0.59826654
146,4672,0.0019287047,0.69560915,0.52045572
147,4704,0.001927575,0.61567599,0.58080667
148,4736,0.0019264368,0.57896206,0.46926448
149,4768,0.0019252901,0.69790766,0.32690585
150,4800,0.001924135,0.63582176,0.52664232
151,4832,0.0019229714,0.6929554,0.64621782
152,4864,0.0019217993,0.59365544,0.48497477
153,4896,0.0019206188,0.69579488,0.33270055
154,4928,0.0019194298,0.62315166,0.3672545
155,4960,0.0019182324,0.64812624,0.42360717
156,4992,0.0019170266,0.77788851,0.78505659
157,5024,0.0019158124,0.69155407,0.23994441
158,5056,0.0019145899,0.69949394,0.39764446
159,5088,0.0019133589,0.67840728,0.36697859
160,5120,0.0019121196,0.61403018,0.39029154
161,5152,0.001910872,0.60738841,0.36762965
162,5184,0.001909616,0.65451327,0.62173414
163,5216,0.0019083517,0.71267781,0.6101101
164,5248,0.0019070791,0.60607681,0.55971545
165,5280,0.0019057982,0.72214046,0.44360164
166,5312,0.001904509,0.65076095,0.43277287
167,5344,0.0019032116,0.66353863,0.35210469
168,5376,0.0019019059,0.60261956,0.45261326
169,5408,0.0019005919,0.6606366,0.55078185
170,5440,0.0018992698,0.72010013,0.59284186
171,5472,0.0018979394,0.69891599,0.46578848
172,5504,0.0018966008,0.65489331,0.37316781
173,5536,0.001895254,0.63750103,0.36261171
174,5568,0.0018938991,0.60342589,0.4404431
175,5600,0.001892536,0.70555362,0.79081625
176,5632,0.0018911647,0.7248646,0.59250593
177,5664,0.0018897854,0.72038162,0.50232947
178,5696,0.0018883979,0.78181443,0.84337038
179,5728,0.0018870023,0.71962669,0.46449783
180,5760,0.0018855986,0.60946974,0.53445297
181,5792,0.0018841868,0.64627352,0.31705785
182,5824,0.001882767,0.6107834,0.46325773
183,5856,0.0018813392,0.66456944,0.44042352
184,5888,0.0018799033,0.65016747,0.36798593
185,5920,0.0018784594,0.59830141,0.57428598
186,5952,0.0018770075,0.66570246,0.35494578
187,5984,0.0018755476,0.66377786,0.2520645
188,6016,0.0018740797,0.63132018,0.40448844
189,6048,0.0018726039,0.5890007,0.51062393
190,6080,0.0018711202,0.71316656,0.32925221
191,6112,0.0018696285,0.69770399,0.47723541
192,6144,0.0018681289,0.67580298,0.43859008
193,6176,0.0018666214,0.57637256,0.51253396
194,6208,0.0018651061,0.68837008,0.89541012
195,6240,0.0018635828,0.6727837,0.3198539
196,6272,0.0018620518,0.59514788,0.48722005
197,6304,0.0018605129,0.7135675,0.65583736
198,6336,0.0018589662,0.68910274,0.39573073
199,6368,0.0018574117,0.66699958,0.3447946
200,6400,0.0018558494,0.61247066,0.49509186
201,6432,0.0018542793,0.69148475,0.59762037
202,6464,0.0018527015,0.71041915,0.82947427
203,6496,0.0018511159,0.69606674,0.58665961
204,6528,0.0018495227,0.62068775,0.49710098
205,6560,0.0018479217,0.71735772,0.90822202
206,6592,0.001846313,0.64508754,0.34463203
207,6624,0.0018446967,0.69972631,0.5751518
208,6656,0.0018430727,0.67095113,0.79055226
209,6688,0.0018414411,0.66771695,0.62605143
210,6720,0.0018398019,0.64206055,0.29070941
211,6752,0.001838155,0.61958495,0.34290653
212,6784,0.0018365006,0.61801416,0.75586784
213,6816,0.0018348386,0.66983256,0.43468609
214,6848,0.0018331691,0.68927601,0.40110812
215,6880,0.001831492,0.66829219,0.60283405
216,6912,0.0018298074,0.74964133,0.52562857
217,6944,0.0018281153,0.66625041,0.27695966
218,6976,0.0018264157,0.63497227,0.45060861
219,7008,0.0018247087,0.64594257,1.330063
220,7040,0.0018229942,0.74146643,0.94461113
221,7072,0.0018212723,0.74598533,0.72134745
222,7104,0.0018195429,0.73441437,0.60693443
223,7136,0.0018178062,0.73869818,1.2291424
224,7168,0.0018160621,0.734052,0.56755733
225,7200,0.0018143106,0.66551638,0.79098308
226,7232,0.0018125518,0.69061601,0.68977386
227,7264,0.0018107857,0.60800958,0.5492605
228,7296,0.0018090123,0.68147802,0.32031137
229,7328,0.0018072316,0.63813284,0.37483707
230,7360,0.0018054436,0.63287044,0.44621217
231,7392,0.0018036483,0.65807518,0.35495806
232,7424,0.0018018459,0.66470808,0.30792868
233,7456,0.0018000362,0.68665799,0.44967794
234,7488,0.0017982193,0.68141755,0.23514681
235,7520,0.0017963953,0.68625328,0.43044144
236,7552,0.0017945641,0.68436992,0.46721485
237,7584,0.0017927257,0.64493722,0.59039015
238,7616,0.0017908803,0.64107832,0.95256972
239,7648,0.0017890277,0.63911283,0.54472333
240,7680,0.0017871681,0.6539658,0.42669758
241,7712,0.0017853014,0.71808442,0.41571042
242,7744,0.0017834276,0.71203893,0.3651633
243,7776,0.0017815468,0.6126743,0.66992992
244,7808,0.0017796591,0.69523579,0.62378103
245,7840,0.0017777643,0.65928152,0.25776991
246,7872,0.0017758626,0.66950285,0.22677389
247,7904,0.0017739539,0.59775299,0.52175367
248,7936,0.0017720383,0.64085612,0.2513878
249,7968,0.0017701158,0.68720976,0.5639708
250,8000,0.0017681865,0.63582864,0.31385702
251,8032,0.0017662502,0.61901936,0.64933723
252,8064,0.0017643071,0.72944915,0.66280371
253,8096,0.0017623572,0.61034304,0.45961392
254,8128,0.0017604004,0.60858467,0.5167318
255,8160,0.0017584369,0.74126598,0.72772723
256,8192,0.0017564666,0.71499288,0.48915651
257,8224,0.0017544896,0.65594935,0.34160319
258,8256,0.0017525058,0.63232881,0.28896019
259,8288,0.0017505154,0.56650072,0.63467395
260,8320,0.0017485182,0.67810231,0.4683623
261,8352,0.0017465144,0.69699776,0.59707791
262,8384,0.001744504,0.6994862,0.2609984
263,8416,0.0017424869,0.6325894,0.29887879
264,8448,0.0017404632,0.74955055,0.80028707
265,8480,0.0017384329,0.70054531,0.36905903
266,8512,0.0017363961,0.64046073,0.4730078
267,8544,0.0017343527,0.62640849,0.5830676
268,8576,0.0017323029,0.62536523,0.78566641
269,8608,0.0017302465,0.69839463,0.63585651
270,8640,0.0017281836,0.64907587,0.27330074
271,8672,0.0017261143,0.69999871,0.53231978
272,8704,0.0017240385,0.63767269,0.4263967
273,8736,0.0017219564,0.63746125,0.39524117
274,8768,0.0017198678,0.69436017,0.57820702
275,8800,0.0017177729,0.66130865,0.58521515
276,8832,0.0017156716,0.65455556,0.36603472
277,8864,0.001713564,0.60458717,0.45789239
278,8896,0.0017114501,0.60740513,0.57513767
279,8928,0.0017093299,0.64630771,0.62987137
280,8960,0.0017072035,0.60461125,0.41699132
281,8992,0.0017050708,0.65489763,0.31653282
282,9024,0.0017029319,0.73729202,0.58587331
283,9056,0.0017007868,0.68725857,0.24035464
284,9088,0.0016986355,0.74153239,0.69456041
285,9120,0.0016964781,0.63790092,0.50167137
286,9152,0.0016943145,0.58161941,0.54070616
287,9184,0.0016921449,0.72584391,0.69982797
288,9216,0.0016899691,0.64797592,0.34745479
289,9248,0.0016877873,0.56309986,0.6443029
290,9280,0.0016855994,0.76238641,0.87277824
291,9312,0.0016834056,0.60373092,0.43276039
292,9344,0.0016812057,0.70014304,0.32345921
293,9376,0.0016789998,0.59368682,0.39774844
294,9408,0.0016767881,0.68381238,0.53843933
295,9440,0.0016745703,0.66304162,0.37334692
296,9472,0.0016723467,0.73282924,0.54976666
297,9504,0.0016701172,0.62384531,0.27742308
298,9536,0.0016678818,0.60017943,0.51323807
299,9568,0.0016656406,0.59560794,0.54813111
300,9600,0.0016633936,0.66823611,0.34960073
301,9632,0.0016611408,0.71930015,0.50064868
302,9664,0.0016588823,0.56328341,0.67203218
303,9696,0.0016566179,0.74168301,0.64048934
304,9728,0.0016543479,0.64186671,0.26561525
305,9760,0.0016520722,0.61013886,0.41963145
306,9792,0.0016497908,0.64062387,0.33916336
307,9824,0.0016475037,0.69539487,0.34148407
308,9856,0.001645211,0.63093281,0.40255749
309,9888,0.0016429128,0.70386505,0.83285511
310,9920,0.0016406089,0.61561128,0.32535261
311,9952,0.0016382995,0.57247597,0.60704023
312,9984,0.0016359845,0.60109127,0.49748483
313,10016,0.0016336641,0.68886828,0.32765916
314,10048,0.0016313381,0.73322096,0.57917905
315,10080,0.0016290067,0.61684909,0.36363411
316,10112,0.0016266699,0.65071198,0.2811327
317,10144,0.0016243276,0.6066083,0.39220876
318,10176,0.00162198,0.78040138,1.0191574
319,10208,0.001619627,0.67897418,0.52386206
320,10240,0.0016172687,0.68592158,0.23971397
321,10272,0.001614905,0.8670488,1.4702667
322,10304,0.001612536,0.77827358,0.84342194
323,10336,0.0016101618,0.64945713,0.34790656
324,10368,0.0016077824,0.64772853,0.38305977
325,10400,0.0016053977,0.62179533,0.40257347
326,10432,0.0016030078,0.64938864,0.37450922
327,10464,0.0016006128,0.61069238,0.50691408
328,10496,0.0015982126,0.59205404,0.67295945
329,10528,0.0015958073,0.620731,0.42272547
330,10560,0.0015933969,0.71214154,0.46386811
331,10592,0.0015909814,0.60995933,0.44932592
332,10624,0.0015885609,0.69405594,0.31214067
333,10656,0.0015861354,0.63200021,0.38164604
334,10688,0.0015837048,0.71100137,0.47450995
335,10720,0.0015812693,0.74004951,0.63717806
336,10752,0.0015788289,0.77060473,0.86098284
337,10784,0.0015763835,0.60282356,0.41407502
338,10816,0.0015739332,0.67050204,0.35716906
339,10848,0.0015714781,0.65901706,0.37828198
340,10880,0.0015690181,0.72523651,0.43404657
341,10912,0.0015665533,0.630283,0.44677389
342,10944,0.0015640837,0.63358256,0.33303669
343,10976,0.0015616093,0.68460482,0.49520776
344,11008,0.0015591302,0.71693575,0.43735763
345,11040,0.0015566464,0.62968814,0.55563819
346,11072,0.0015541579,0.69598672,0.36754259
347,11104,0.0015516647,0.64943382,0.29845408
348,11136,0.0015491669,0.58015329,0.79620975
349,11168,0.0015466644,0.72410041,0.49867868
350,11200,0.0015441574,0.56461358,0.78174376
351,11232,0.0015416458,0.63921514,0.4724817
352,11264,0.0015391297,0.66273624,0.36282954
353,11296,0.001536609,0.71963286,0.40957946
354,11328,0.0015340839,0.6421504,0.27264455
355,11360,0.0015315543,0.69688401,0.59620631
356,11392,0.0015290202,0.59179699,0.46565086
357,11424,0.0015264818,0.68219537,0.37652358
358,11456,0.001523939,0.69853985,0.39539647
359,11488,0.0015213918,0.62828526,0.35130882
360,11520,0.0015188403,0.6269455,0.34683853
361,11552,0.0015162845,0.70156756,0.34166732
362,11584,0.0015137244,0.64897099,0.71461308
363,11616,0.00151116,0.67638025,0.54396522
364,11648,0.0015085914,0.63338828,0.34503597
365,11680,0.0015060187,0.61231488,0.45628533
366,11712,0.0015034417,0.61213884,0.52028316
367,11744,0.0015008606,0.67036891,0.41598871
368,11776,0.0014982754,0.69930351,0.49778336
369,11808,0.0014956861,0.67842105,0.36928335
370,11840,0.0014930928,0.65890145,0.64999485
371,11872,0.0014904954,0.62039107,0.34287786
372,11904,0.0014878939,0.61931202,0.39334798
373,11936,0.0014852885,0.6759662,0.33828524
374,11968,0.0014826792,0.68094853,0.25635293
375,12000,0.0014800659,0.68835965,0.52212989
376,12032,0.0014774487,0.61153501,0.2994248
377,12064,0.0014748276,0.55038035,0.59747303
378,12096,0.0014722027,0.66619793,0.36936095
379,12128,0.0014695739,0.67450935,0.26352414
380,12160,0.0014669413,0.63142073,0.26899961
381,12192,0.001464305,0.76680493,1.0180082
382,12224,0.0014616649,0.7020871,0.45482144
383,12256,0.0014590211,0.6448487,0.52650994
384,12288,0.0014563737,0.64190403,0.50910383
385,12320,0.0014537225,0.75232032,0.7354629
386,12352,0.0014510678,0.66527921,0.46408314
387,12384,0.0014484094,0.67187715,0.53126949
388,12416,0.0014457474,0.63281196,0.33928531
389,12448,0.0014430819,0.6695447,0.44428161
390,12480,0.0014404128,0.64717883,0.40940502
391,12512,0.0014377403,0.61975724,0.39018843
392,12544,0.0014350643,0.61010447,0.40415725
393,12576,0.0014323848,0.60002592,0.39824963
394,12608,0.001429702,0.68808961,0.51478785
395,12640,0.0014270157,0.69392735,0.30417603
396,12672,0.0014243261,0.66681597,0.41918385
397,12704,0.0014216331,0.62141222,0.3548649
398,12736,0.0014189369,0.68222329,0.53077805
399,12768,0.0014162373,0.66546467,0.31447861
400,12800,0.0014135346,0.64852336,0.53093511
401,12832,0.0014108285,0.64899111,0.32573354
402,12864,0.0014081193,0.60700822,0.40943608
403,12896,0.001405407,0.63109249,0.30640012
404,12928,0.0014026915,0.71246499,0.58263916
405,12960,0.0013999729,0.6468412,0.40756741
406,12992,0.0013972512,0.71092635,0.61327618
407,13024,0.0013945264,0.66523355,0.35047448
408,13056,0.0013917986,0.63375893,0.59015036
409,13088,0.0013890678,0.59019059,0.60270983
410,13120,0.0013863341,0.67092031,0.39197028
411,13152,0.0013835974,0.64883459,0.22236411
412,13184,0.0013808578,0.63455504,0.35618961
413,13216,0.0013781153,0.67122307,0.60421216
414,13248,0.0013753699,0.6986075,0.67517477
415,13280,0.0013726218,0.64835244,0.24494334
416,13312,0.0013698708,0.65953737,0.4436053
417,13344,0.001367117,0.67213234,0.60089451
418,13376,0.0013643605,0.69184783,0.2859523
419,13408,0.0013616013,0.59665865,0.43766069
420,13440,0.0013588394,0.64063701,0.60039616
421,13472,0.0013560748,0.5945687,0.36125892
422,13504,0.0013533076,0.6589494,0.25847456
423,13536,0.0013505378,0.69499043,0.57357323
424,13568,0.0013477655,0.64838672,0.38374043
425,13600,0.0013449905,0.68084931,0.39725012
426,13632,0.0013422131,0.66908109,0.29800597
427,13664,0.0013394332,0.59523457,0.42491391
428,13696,0.0013366508,0.66133744,0.28381404
429,13728,0.0013338659,0.6182346,0.34863344
430,13760,0.0013310787,0.61994123,0.44329599
431,13792,0.0013282891,0.77330607,0.8382268
432,13824,0.0013254972,0.6592395,0.43282062
433,13856,0.0013227029,0.52027205,0.75373185
434,13888,0.0013199064,0.67864773,0.42909834
435,13920,0.0013171076,0.64010918,0.33398122
436,13952,0.0013143065,0.78743744,1.0258824
437,13984,0.0013115033,0.65353948,0.55829418
438,14016,0.0013086978,0.66219461,0.32741427
439,14048,0.0013058903,0.59999937,0.40942872
440,14080,0.0013030806,0.75717819,0.71941406
441,14112,0.0013002688,0.67008913,0.29984865
442,14144,0.001297455,0.70123744,0.3460806
443,14176,0.0012946392,0.6656754,0.36917675
444,14208,0.0012918213,0.64046821,0.56326264
445,14240,0.0012890015,0.69168031,0.39733043
446,14272,0.0012861797,0.63297656,0.46264282
447,14304,0.001283356,0.65571263,0.22172096
448,14336,0.0012805305,0.68639275,0.35525385
449,14368,0.0012777031,0.63670763,0.5270471
450,14400,0.0012748738,0.67654759,0.55608773
451,14432,0.0012720428,0.60783669,0.5290494
452,14464,0.00126921,0.63578895,0.40170917
453,14496,0.0012663754,0.63027447,0.5012393
454,14528,0.0012635391,0.66183302,0.23977378
455,14560,0.0012607012,0.63343477,0.49749359
456,14592,0.0012578616,0.67572573,0.30990076
457,14624,0.0012550204,0.67303225,0.30472159
458,14656,0.0012521776,0.62200108,0.4212687
459,14688,0.0012493332,0.69305399,0.61629093
460,14720,0.0012464873,0.66260815,0.50319171
461,14752,0.0012436399,0.63924032,0.49365765
462,14784,0.001240791,0.65055665,0.36689523
463,14816,0.0012379407,0.59727937,0.42346588
464,14848,0.0012350889,0.62993932,0.33493084
465,14880,0.0012322358,0.72488967,0.65918308
466,14912,0.0012293813,0.67138457,0.51701307
467,14944,0.0012265255,0.67283851,0.35129556
468,14976,0.0012236683,0.62634876,0.30000371
469,15008,0.0012208099,0.63388297,0.5905152
470,15040,0.0012179503,0.70153522,0.45831239
471,15072,0.0012150894,0.66461116,0.33955982
472,15104,0.0012122274,0.64612791,0.58088547
473,15136,0.0012093642,0.62377089,0.3603141
474,15168,0.0012064999,0.68069172,0.51743221
475,15200,0.0012036345,0.64440891,0.39471915
476,15232,0.001200768,0.57133511,0.51264709
477,15264,0.0011979005,0.69040614,0.53148323
478,15296,0.001195032,0.62824765,0.58872283
479,15328,0.0011921625,0.73854414,0.66333151
480,15360,0.0011892921,0.64522102,0.35155311
481,15392,0.0011864207,0.75239325,0.68966031
482,15424,0.0011835485,0.61358863,0.47008827
483,15456,0.0011806754,0.65383887,0.29915211
484,15488,0.0011778014,0.61385173,0.44886342
485,15520,0.0011749267,0.58951944,0.33774394
486,15552,0.0011720512,0.71966529,0.69963753
487,15584,0.001169175,0.62867156,0.2578952
488,15616,0.001166298,0.70653552,0.47464839
489,15648,0.0011634204,0.53392383,0.67311049
490,15680,0.0011605421,0.64587218,0.32336909
491,15712,0.0011576632,0.6816451,0.49694407
492,15744,0.0011547837,0.69743827,0.41056722
493,15776,0.0011519036,0.6524443,0.31829476
494,15808,0.001149023,0.61957705,0.22176795
495,15840,0.0011461419,0.64263967,0.34153256
496,15872,0.0011432604,0.58222499,0.41610974
497,15904,0.0011403783,0.72946417,0.72105014
498,15936,0.0011374959,0.7519455,0.63088024
499,15968,0.0011346131,0.6142,0.27480218
500,16000,0.0011317299,0.69749185,0.53814465
501,16032,0.0011288464,0.59503895,0.40746474
502,16064,0.0011259626,0.78784472,1.0716006
503,16096,0.0011230786,0.70224664,0.55829334
504,16128,0.0011201943,0.59626663,0.40217239
505,16160,0.0011173097,0.58527476,0.29155451
506,16192,0.0011144251,0.6786401,0.31678367
507,16224,0.0011115402,0.68115672,0.38669094
508,16256,0.0011086553,0.67550823,0.40678588
509,16288,0.0011057702,0.61390072,0.35342962
510,16320,0.0011028851,0.62839621,0.35198405
511,16352,0.0011,0.62975731,0.35368446
512,16384,0.0010971149,0.68257287,0.5162999
513,16416,0.0010942298,0.5702703,0.61259621
514,16448,0.0010913447,0.66694811,0.22465591
515,16480,0.0010884598,0.69831392,0.41969886
516,16512,0.0010855749,0.72023118,0.40228206
517,16544,0.0010826903,0.6758002,0.36547944
518,16576,0.0010798057,0.61220235,0.45306945
519,16608,0.0010769214,0.61255497,0.41798913
520,16640,0.0010740374,0.65604854,0.30324188
521,16672,0.0010711536,0.64207578,0.56704271
522,16704,0.0010682701,0.68913037,0.41161337
523,16736,0.0010653869,0.59945717,0.5156588
524,16768,0.0010625041,0.6521309,0.31227553
525,16800,0.0010596217,0.65998572,0.29129681
526,16832,0.0010567396,0.66732627,0.24141127
527,16864,0.0010538581,0.62168986,0.45737013
528,16896,0.001050977,0.89517236,1.3594548
529,16928,0.0010480964,0.63113338,0.31410199
530,16960,0.0010452163,0.70148441,0.41864789
531,16992,0.0010423368,0.57061148,0.54115641
532,17024,0.0010394579,0.63934001,0.36585781
533,17056,0.0010365796,0.698632,0.64732862
534,17088,0.001033702,0.6342546,0.34052226
535,17120,0.001030825,0.72436747,0.53726172
536,17152,0.0010279488,0.66324234,0.32344884
537,17184,0.0010250733,0.60604909,0.37809327
538,17216,0.0010221986,0.65418169,0.39536464
539,17248,0.0010193246,0.61826104,0.63492149
540,17280,0.0010164515,0.5524224,0.64098507
541,17312,0.0010135793,0.67872131,0.49881065
542,17344,0.0010107079,0.74231356,0.60892254
543,17376,0.0010078375,0.76611114,0.82953489
544,17408,0.001004968,0.68416122,0.40678003
545,17440,0.0010020995,0.6803551,0.30342218
546,17472,0.00099923197,0.65963632,0.34738031
547,17504,0.0009963655,0.62347984,0.30691507
548,17536,0.00099350009,0.7185522,0.43494204
549,17568,0.00099063578,0.66880846,0.3956981
550,17600,0.00098777259,0.59336627,0.77475494
551,17632,0.00098491055,0.64228067,0.31011015
552,17664,0.0009820497,0.65504742,0.38261625
553,17696,0.00097919006,0.63292789,0.32111177
554,17728,0.00097633166,0.63918597,0.41939101
555,17760,0.00097347453,0.59534183,0.51293451
556,17792,0.0009706187,0.61198172,0.39898092
557,17824,0.00096776421,0.55052364,0.70727277
558,17856,0.00096491107,0.68053842,0.7161392
559,17888,0.00096205932,0.7130335,0.52265656
560,17920,0.00095920898,0.6310485,0.2841928
561,17952,0.00095636009,0.67061347,0.37314701
562,17984,0.00095351268,0.64134327,0.2682941
563,18016,0.00095066678,0.72346777,0.62415683
564,18048,0.00094782241,0.55432147,0.6440804
565,18080,0.0009449796,0.68863243,0.52693063
566,18112,0.00094213839,0.72263485,0.81098926
567,18144,0.00093929879,0.67462835,0.32906657
568,18176,0.00093646085,0.63165969,0.4593153
569,18208,0.00093362459,0.68777075,0.39655742
570,18240,0.00093079005,0.61547214,0.44679502
571,18272,0.00092795723,0.62662578,0.44792235
572,18304,0.00092512619,0.63888207,0.34833804
573,18336,0.00092229695,0.70453146,0.44860864
574,18368,0.00091946953,0.61422634,0.35626003
575,18400,0.00091664396,0.64860266,0.30099124
576,18432,0.00091382028,0.7816759,0.92204392
577,18464,0.00091099851,0.68046463,0.52763766
578,18496,0.00090817869,0.67908782,0.40598336
579,18528,0.00090536084,0.6477505,0.33100715
580,18560,0.00090254498,0.69860584,0.51395422
581,18592,0.00089973116,0.63235831,0.30678323
582,18624,0.00089691939,0.65612164,0.34369534
583,18656,0.00089410971,0.62546879,0.36100635
584,18688,0.00089130215,0.64483008,0.34591776
585,18720,0.00088849673,0.68821532,0.44063342
586,18752,0.00088569349,0.66857904,0.37680611
587,18784,0.00088289245,0.66850492,0.30586734
588,18816,0.00088009363,0.68745324,0.44725594
589,18848,0.00087729708,0.6435532,0.3482264
590,18880,0.00087450282,0.63021198,0.33950588
591,18912,0.00087171087,0.58889383,0.54212958
592,18944,0.00086892127,0.70073855,0.30446321
593,18976,0.00086613405,0.62936345,0.39879212
594,19008,0.00086334923,0.57823163,0.80112255
595,19040,0.00086056684,0.67731178,0.70392793
596,19072,0.00085778691,0.64241672,0.35515395
597,19104,0.00085500947,0.6526719,0.40732071
598,19136,0.00085223455,0.72657546,0.42413825
599,19168,0.00084946217,0.64375302,0.40876883
600,19200,0.00084669237,0.59852722,0.3845219
601,19232,0.00084392517,0.66677493,0.36156058
602,19264,0.00084116061,0.65495563,0.33603278
603,19296,0.0008383987,0.543607,0.49790218
604,19328,0.00083563948,0.6983774,0.53418982
605,19360,0.00083288298,0.718054,0.49166173
606,19392,0.00083012922,0.60386208,0.46570945
607,19424,0.00082737824,0.71235436,0.61698514
608,19456,0.00082463006,0.75446254,0.82346094
609,19488,0.00082188471,0.65451407,0.40011394
610,19520,0.00081914221,0.61942917,0.42621666
611,19552,0.0008164026,0.58707911,0.44203293
612,19584,0.00081366591,0.6440607,0.61001521
613,19616,0.00081093216,0.6316765,0.34307393
614,19648,0.00080820138,0.56093812,0.76846302
615,19680,0.0008054736,0.59395626,0.43464717
616,19712,0.00080274884,0.67001271,0.28235868
617,19744,0.00080002714,0.63207439,0.52602738
618,19776,0.00079730853,0.6815232,0.77190876
619,19808,0.00079459302,0.67669642,0.29306608
620,19840,0.00079188065,0.62978515,0.38277355
621,19872,0.00078917145,0.68245119,0.50769061
622,19904,0.00078646544,0.62662616,0.19161695
623,19936,0.00078376266,0.58201256,0.58325887
624,19968,0.00078106312,0.55553186,0.71067774
625,20000,0.00077836686,0.6339145,0.32646313
626,20032,0.00077567391,0.58725122,0.72730362
627,20064,0.00077298429,0.65312517,0.37360829
628,20096,0.00077029803,0.61676949,0.65291411
629,20128,0.00076761516,0.67553073,0.67074859
630,20160,0.00076493571,0.60777456,0.5382728
631,20192,0.0007622597,0.6935769,0.54982972
632,20224,0.00075958715,0.59450138,0.62714505
633,20256,0.00075691811,0.54083818,0.44479629
634,20288,0.00075425259,0.61745688,0.52242601
635,20320,0.00075159063,0.56175256,0.61110353
636,20352,0.00074893225,0.63271621,0.79615939
637,20384,0.00074627747,0.6123119,0.36159992
638,20416,0.00074362633,0.66274309,0.5526253
639,20448,0.00074097885,0.76821604,0.73475212
640,20480,0.00073833506,0.6892373,0.43929279
641,20512,0.00073569499,0.52662343,0.45558128
642,20544,0.00073305866,0.64947546,0.5342285
643,20576,0.00073042611,0.75727358,0.79873544
644,20608,0.00072779735,0.70847487,0.51154047
645,20640,0.00072517241,0.67550382,0.46659273
646,20672,0.00072255133,0.62356496,0.51022661
647,20704,0.00071993412,0.71664441,0.51318175
648,20736,0.00071732083,0.77818283,1.245286
649,20768,0.00071471146,0.65063018,0.51528299
650,20800,0.00071210605,0.70058301,0.63777375
651,20832,0.00070950463,0.70467791,0.64083147
652,20864,0.00070690723,0.58556262,0.32666624
653,20896,0.00070431386,0.59275544,0.40731668
654,20928,0.00070172456,0.64453399,0.62372345
655,20960,0.00069913935,0.65885633,0.294065
656,20992,0.00069655826,0.62723419,0.5449838
657,21024,0.00069398132,0.69716024,0.46280715
658,21056,0.00069140855,0.62280676,0.25391829
659,21088,0.00068883998,0.65563497,0.34904563
660,21120,0.00068627563,0.65077156,0.6096769
661,21152,0.00068371554,0.68453681,0.61406207
662,21184,0.00068115972,0.66563085,0.51589179
663,21216,0.00067860821,0.58297794,0.3675817
664,21248,0.00067606103,0.60703096,0.53338909
665,21280,0.0006735182,0.58175129,0.53797472
666,21312,0.00067097976,0.72245023,0.43714574
667,21344,0.00066844573,0.60588238,0.34404567
668,21376,0.00066591613,0.5924837,0.59736806
669,21408,0.00066339099,0.58529603,0.48468462
670,21440,0.00066087034,0.66359296,0.51217073
671,21472,0.0006583542,0.57094032,0.47837916
672,21504,0.0006558426,0.56527939,0.71116287
673,21536,0.00065333557,0.67315787,0.58819443
674,21568,0.00065083312,0.62790999,0.35785112
675,21600,0.00064833529,0.64925355,0.42644408
676,21632,0.00064584211,0.66668612,0.43261865
677,21664,0.00064335359,0.55258006,0.57126939
678,21696,0.00064086976,0.62900305,0.47120625
679,21728,0.00063839065,0.61785603,0.3141768
680,21760,0.00063591628,0.66938466,0.64895093
681,21792,0.00063344669,0.57261083,0.52098459
682,21824,0.00063098189,0.74859077,0.65349108
683,21856,0.0006285219,0.61188337,0.37262914
684,21888,0.00062606677,0.67505822,0.62142944
685,21920,0.0006236165,0.62695575,0.39311746
686,21952,0.00062117113,0.67801318,0.47199419
687,21984,0.00061873068,0.71719599,0.54123455
688,22016,0.00061629518,0.71687388,0.55956095
689,22048,0.00061386464,0.74371988,0.61599028
690,22080,0.00061143911,0.64753228,0.41219917
691,22112,0.00060901859,0.6274277,0.32556757
692,22144,0.00060660312,0.68264896,0.48518285
693,22176,0.00060419272,0.69715545,0.3685548
694,22208,0.00060178741,0.63887671,0.29090318
695,22240,0.00059938723,0.63455155,0.33526331
696,22272,0.00059699218,0.65647653,0.31458935
697,22304,0.00059460231,0.61219293,0.48017007
698,22336,0.00059221763,0.66034082,0.58659381
699,22368,0.00058983817,0.67621619,0.70395911
700,22400,0.00058746396,0.68059272,0.30363628
701,22432,0.00058509501,0.57212842,0.54021788
702,22464,0.00058273135,0.65980288,0.44125599
703,22496,0.000580373,0.62813881,0.49672759
704,22528,0.00057802,0.64066038,0.49592051
705,22560,0.00057567236,0.62164837,0.40232405
706,22592,0.00057333011,0.61064106,0.3972013
707,22624,0.00057099327,0.5765633,0.57041132
708,22656,0.00056866187,0.68613014,0.41110542
709,22688,0.00056633593,0.73349693,0.59073281
710,22720,0.00056401547,0.61060162,0.25268018
711,22752,0.00056170052,0.64783129,0.42245379
712,22784,0.00055939111,0.63979805,0.50735551
713,22816,0.00055708724,0.64753732,0.58701628
714,22848,0.00055478896,0.61271396,0.31754348
715,22880,0.00055249628,0.67781651,0.46045408
716,22912,0.00055020923,0.68967366,0.33625883
717,22944,0.00054792782,0.61213481,0.6292398
718,22976,0.00054565209,0.59566626,0.5022403
719,23008,0.00054338206,0.56337258,0.62698299
720,23040,0.00054111775,0.63153332,0.34654331
721,23072,0.00053885918,0.56489211,0.408575
722,23104,0.00053660638,0.65706098,0.75463796
723,23136,0.00053435936,0.55666399,0.53649461
724,23168,0.00053211816,0.67033499,0.43030158
725,23200,0.0005298828,0.61681625,0.32745731
726,23232,0.00052765329,0.58577222,0.50862277
727,23264,0.00052542967,0.66829586,0.34695157
728,23296,0.00052321195,0.64064974,0.31201071
729,23328,0.00052100016,0.67390496,0.58350664
730,23360,0.00051879431,0.54449922,0.52040565
731,23392,0.00051659444,0.6091283,0.34836015
732,23424,0.00051440057,0.66882789,0.48702109
733,23456,0.00051221271,0.62595201,0.36245704
734,23488,0.0005100309,0.67989889,0.67837793
735,23520,0.00050785515,0.63214037,0.45966962
736,23552,0.00050568548,0.67066285,0.73394197
737,23584,0.00050352192,0.69148773,0.44110948
738,23616,0.00050136449,0.48937182,0.61794466
739,23648,0.00049921321,0.72987446,0.55753118
740,23680,0.00049706811,0.63679734,0.28578389
741,23712,0.0004949292,0.57874446,0.41722569
742,23744,0.00049279651,0.65276593,0.6437186
743,23776,0.00049067006,0.59765661,0.47688439
744,23808,0.00048854987,0.55352217,0.58372855
745,23840,0.00048643597,0.61039966,0.50333887
746,23872,0.00048432837,0.6343275,0.26243407
747,23904,0.00048222709,0.6390731,0.67202085
748,23936,0.00048013217,0.57567856,0.47955412
749,23968,0.00047804362,0.6600557,0.25289434
750,24000,0.00047596145,0.70924985,0.7045939
751,24032,0.0004738857,0.61489367,0.4926843
752,24064,0.00047181639,0.6386081,0.42002302
753,24096,0.00046975353,0.57840317,0.45532703
754,24128,0.00046769715,0.62743211,0.37018788
755,24160,0.00046564726,0.58106643,0.42368412
756,24192,0.0004636039,0.61751893,0.39523709
757,24224,0.00046156707,0.56964609,0.52027327
758,24256,0.00045953681,0.59547105,0.81066936
759,24288,0.00045751312,0.70737672,0.52718574
760,24320,0.00045549604,0.55913046,0.45286894
761,24352,0.00045348558,0.63792697,0.44109458
762,24384,0.00045148177,0.62454984,0.49075091
763,24416,0.00044948462,0.84115073,1.0586547
764,24448,0.00044749416,0.70373908,0.47762787
765,24480,0.0004455104,0.72854245,0.55525315
766,24512,0.00044353337,0.62353969,0.44384921
767,24544,0.00044156308,0.73744023,0.50926346
768,24576,0.00043959956,0.58022633,0.4923943
769,24608,0.00043764283,0.70497248,0.44113779
770,24640,0.0004356929,0.56919736,0.44562125
771,24672,0.0004337498,0.61641109,0.63532692
772,24704,0.00043181355,0.58786669,0.43601412
773,24736,0.00042988416,0.53400648,0.75030386
774,24768,0.00042796166,0.61941549,0.3227571
775,24800,0.00042604607,0.66180679,0.37476569
776,24832,0.0004241374,0.72484103,0.57159817
777,24864,0.00042223568,0.60350746,0.40931576
778,24896,0.00042034092,0.6251843,0.29993552
779,24928,0.00041845315,0.62377205,0.46128434
780,24960,0.00041657238,0.57051811,0.59161764
781,24992,0.00041469864,0.64588067,0.32313222
782,25024,0.00041283193,0.68763486,0.27412024
783,25056,0.00041097229,0.64186716,0.50199187
784,25088,0.00040911973,0.65098482,0.31712362
785,25120,0.00040727427,0.65059137,0.37855443
786,25152,0.00040543593,0.69475359,0.45558119
787,25184,0.00040360473,0.62878335,0.40753472
788,25216,0.00040178068,0.61300164,0.51650226
789,25248,0.00039996381,0.56327444,0.64611965
790,25280,0.00039815413,0.57035744,0.58230454
791,25312,0.00039635167,0.67721662,0.24485119
792,25344,0.00039455643,0.57057744,0.59821725
793,25376,0.00039276845,0.60522825,0.35353565
794,25408,0.00039098773,0.60832655,0.47979271
795,25440,0.0003892143,0.62638855,0.61388683
796,25472,0.00038744817,0.71276465,0.55429375
797,25504,0.00038568937,0.71631989,0.43657926
798,25536,0.00038393791,0.61386025,0.38022467
799,25568,0.0003821938,0.57718709,0.38704219
800,25600,0.00038045707,0.64993271,0.32757106
801,25632,0.00037872774,0.66215795,0.33450845
802,25664,0.00037700582,0.61476946,0.2775788
803,25696,0.00037529133,0.58163118,0.29674768
804,25728,0.00037358428,0.57636088,0.47158864
805,25760,0.00037188471,0.71039566,0.53284007
806,25792,0.00037019261,0.60648027,0.31123161
807,25824,0.00036850801,0.66407073,0.58972311
808,25856,0.00036683093,0.59922528,0.51449245
809,25888,0.00036516139,0.6758213,0.40353754
810,25920,0.0003634994,0.65064901,0.35500228
811,25952,0.00036184497,0.58253118,0.36283794
812,25984,0.00036019813,0.6471009,0.37976491
813,26016,0.0003585589,0.57788506,0.4658151
814,26048,0.00035692728,0.61137748,0.60458958
815,26080,0.0003553033,0.69934952,0.51615721
816,26112,0.00035368697,0.67175624,0.46351191
817,26144,0.00035207831,0.61407551,0.29605404
818,26176,0.00035047734,0.68598336,0.62149447
819,26208,0.00034888407,0.73233765,1.0065861
820,26240,0.00034729852,0.7068696,0.47210482
821,26272,0.00034572071,0.69094867,0.40400103
822,26304,0.00034415064,0.65311158,0.2609112
823,26336,0.00034258835,0.67843077,0.32538146
824,26368,0.00034103383,0.71435219,0.55300266
825,26400,0.00033948712,0.71466249,0.60400379
826,26432,0.00033794822,0.68290532,0.34374559
827,26464,0.00033641715,0.72494113,0.44952309
828,26496,0.00033489393,0.65562084,0.42538774
829,26528,0.00033337858,0.54478878,0.43660191
830,26560,0.0003318711,0.71649355,0.45109111
831,26592,0.00033037151,0.61769438,0.42888689
832,26624,0.00032887984,0.72067788,0.50797242
833,26656,0.00032739609,0.62014535,0.63143945
834,26688,0.00032592027,0.67082584,0.56314743
835,26720,0.00032445242,0.6120013,0.3649224
836,26752,0.00032299253,0.61995879,0.33228508
837,26784,0.00032154063,0.680325,0.26362056
838,26816,0.00032009673,0.64676821,0.38575664
839,26848,0.00031866084,0.66455624,0.3301653
840,26880,0.00031723298,0.58199516,0.35138962
841,26912,0.00031581317,0.63676295,0.37583488
842,26944,0.00031440141,0.62736213,0.61844885
843,26976,0.00031299773,0.51824158,0.51137835
844,27008,0.00031160214,0.62580547,0.44496784
845,27040,0.00031021464,0.62313941,0.28018224
846,27072,0.00030883527,0.60064393,0.44223559
847,27104,0.00030746402,0.66919288,0.4580076
848,27136,0.00030610092,0.63383359,0.28992125
849,27168,0.00030474598,0.69000897,0.43473753
850,27200,0.00030339921,0.69733095,0.41383231
851,27232,0.00030206062,0.62043101,0.31164679
852,27264,0.00030073024,0.70234793,0.50229412
853,27296,0.00029940807,0.67636448,0.69442832
854,27328,0.00029809413,0.66447607,0.44349107
855,27360,0.00029678843,0.70256281,0.75556141
856,27392,0.00029549098,0.6466209,0.39422092
857,27424,0.0002942018,0.63024017,0.44388214
858,27456,0.0002929209,0.68700251,0.51880217
859,27488,0.00029164829,0.65374547,0.34024438
860,27520,0.000290384,0.64939961,0.23811348
861,27552,0.00028912802,0.5973174,0.36178955
862,27584,0.00028788037,0.69655183,0.43470484
863,27616,0.00028664107,0.60432938,0.32074776
864,27648,0.00028541013,0.58606726,0.46583
865,27680,0.00028418756,0.64558679,0.40363085
866,27712,0.00028297338,0.57449806,0.62701887
867,27744,0.00028176759,0.62052709,0.50714368
868,27776,0.00028057021,0.67683631,0.47390199
869,27808,0.00027938125,0.68997347,0.43590444
870,27840,0.00027820072,0.72721559,0.46820545
871,27872,0.00027702864,0.64685765,0.28801018
872,27904,0.00027586501,0.62058896,0.52231556
873,27936,0.00027470986,0.67918968,0.41686165
874,27968,0.00027356319,0.67004055,0.43128511
875,28000,0.000272425,0.60294035,0.42400989
876,28032,0.00027129533,0.69889525,0.31954125
877,28064,0.00027017417,0.56473526,0.60269809
878,28096,0.00026906154,0.5841313,0.43138662
879,28128,0.00026795744,0.62895161,0.30119029
880,28160,0.0002668619,0.58304995,0.40141141
881,28192,0.00026577492,0.65723571,0.34918386
882,28224,0.00026469651,0.62186971,0.24269032
883,28256,0.00026362669,0.55420858,0.40018642
884,28288,0.00026256546,0.66536629,0.36109725
885,28320,0.00026151283,0.65539446,0.49507633
886,28352,0.00026046883,0.58262554,0.51387089
887,28384,0.00025943345,0.56495315,0.42768475
888,28416,0.00025840671,0.75015172,0.56751233
889,28448,0.00025738862,0.60488194,0.30068409
890,28480,0.00025637918,0.59032661,0.66471028
891,28512,0.00025537842,0.60100386,0.47594041
892,28544,0.00025438634,0.66183871,0.41258663
893,28576,0.00025340294,0.73843431,0.82099259
894,28608,0.00025242825,0.62815854,0.43425527
895,28640,0.00025146227,0.59094036,0.45104229
896,28672,0.000250505,0.56922966,0.43953195
897,28704,0.00024955647,0.63002184,0.26690277
898,28736,0.00024861668,0.57085189,0.51528889
899,28768,0.00024768563,0.70460272,0.43635681
900,28800,0.00024676335,0.54439241,0.46253604
901,28832,0.00024584983,0.60667241,0.48917487
902,28864,0.00024494509,0.6639536,0.44685066
903,28896,0.00024404914,0.70814803,0.57075894
904,28928,0.00024316198,0.6013431,0.46579456
905,28960,0.00024228363,0.58888239,0.43289036
906,28992,0.00024141409,0.60121459,0.48623231
907,29024,0.00024055338,0.61614251,0.44907129
908,29056,0.0002397015,0.56828308,0.49572051
909,29088,0.00023885846,0.66175616,0.24369803
910,29120,0.00023802426,0.68203422,0.39375278
911,29152,0.00023719893,0.72851658,0.58573055
912,29184,0.00023638247,0.6885336,0.46527031
913,29216,0.00023557488,0.78118181,0.66319054
914,29248,0.00023477617,0.6652939,0.30075032
915,29280,0.00023398635,0.70957917,0.45174137
916,29312,0.00023320543,0.55366585,0.44853109
917,29344,0.00023243343,0.69882739,0.55107993
918,29376,0.00023167033,0.61317667,0.37942916
919,29408,0.00023091616,0.69912872,0.47882923
920,29440,0.00023017092,0.7411446,0.59006977
921,29472,0.00022943462,0.5541895,0.57707727
922,29504,0.00022870727,0.59610254,0.25928369
923,29536,0.00022798887,0.63213331,0.398285
924,29568,0.00022727943,0.63543063,0.44300935
925,29600,0.00022657896,0.63289842,0.49207014
926,29632,0.00022588747,0.59082139,0.39175898
927,29664,0.00022520496,0.69505325,0.36147156
928,29696,0.00022453144,0.59435853,0.31199408
929,29728,0.00022386691,0.6198774,0.5102284
930,29760,0.00022321139,0.6504069,0.64551926
931,29792,0.00022256488,0.65175828,0.45921046
932,29824,0.00022192739,0.54839537,0.54107773
933,29856,0.00022129892,0.70330083,0.33279324
934,29888,0.00022067948,0.66286242,0.27672723
935,29920,0.00022006907,0.71470872,0.55091411
936,29952,0.00021946771,0.62465373,0.53205061
937,29984,0.0002188754,0.60443199,0.32153708
938,30016,0.00021829214,0.55068809,0.36659813
939,30048,0.00021771795,0.61221296,0.51034999
940,30080,0.00021715282,0.61098114,0.25603697
941,30112,0.00021659676,0.6377818,0.29651028
942,30144,0.00021604978,0.7176584,0.79864043
943,30176,0.00021551189,0.61144292,0.30978611
944,30208,0.00021498308,0.69244552,0.45462734
945,30240,0.00021446337,0.5717237,0.35854039
946,30272,0.00021395276,0.67710865,0.56477714
947,30304,0.00021345126,0.75512096,0.67625362
948,30336,0.00021295886,0.59253198,0.3318035
949,30368,0.00021247558,0.58516836,0.43315414
950,30400,0.00021200143,0.67238656,0.35700831
951,30432,0.00021153639,0.7215986,0.65664542
952,30464,0.00021108049,0.66347867,0.52072316
953,30496,0.00021063373,0.75136745,0.79534119
954,30528,0.0002101961,0.75534731,0.62326312
955,30560,0.00020976762,0.62019145,0.48916048
956,30592,0.00020934828,0.66286504,0.67200232
957,30624,0.0002089381,0.61967313,0.48889977
958,30656,0.00020853708,0.57037792,0.49789166
959,30688,0.00020814521,0.58952206,0.59991664
960,30720,0.00020776252,0.63391677,0.33314481
961,30752,0.00020738899,0.62947637,0.2967096
962,30784,0.00020702463,0.73359469,0.54188031
963,30816,0.00020666945,0.66886741,0.40914509
964,30848,0.00020632345,0.58898699,0.32841399
965,30880,0.00020598664,0.62533954,0.42819741
966,30912,0.00020565901,0.69066387,0.51894647
967,30944,0.00020534057,0.62305659,0.44910806
968,30976,0.00020503133,0.6202634,0.49977684
969,31008,0.00020473129,0.69245297,0.40975127
970,31040,0.00020444044,0.58290493,0.51947361
971,31072,0.0002041588,0.68327186,0.32873133
972,31104,0.00020388636,0.72191119,0.47894081
973,31136,0.00020362314,0.65178335,0.35871521
974,31168,0.00020336912,0.65955016,0.42852145
975,31200,0.00020312432,0.656169,0.52616668
976,31232,0.00020288873,0.62061548,0.2752935
977,31264,0.00020266237,0.63678265,0.29910332
978,31296,0.00020244523,0.61748046,0.32401013
979,31328,0.00020223731,0.57457536,0.52074397
980,31360,0.00020203861,0.59630078,0.42436695
981,31392,0.00020184915,0.66841623,0.29449579
982,31424,0.00020166891,0.58839935,0.43337891
983,31456,0.00020149791,0.63672274,0.51815695
984,31488,0.00020133614,0.52943002,0.56429976
985,31520,0.0002011836,0.66214627,0.78493118
986,31552,0.0002010403,0.62848479,0.49459642
987,31584,0.00020090624,0.58602449,0.48611856
988,31616,0.00020078142,0.58153191,0.34604096
989,31648,0.00020066584,0.5597811,0.48988214
990,31680,0.0002005595,0.63752121,0.41693035
991,31712,0.00020046241,0.58064482,0.30782735
992,31744,0.00020037455,0.57506302,0.38934869
993,31776,0.00020029595,0.60294858,0.29376087
994,31808,0.00020022659,0.65894645,0.34432715
995,31840,0.00020016648,0.58904764,0.29852468
996,31872,0.00020011561,0.63253039,0.5096252
997,31904,0.00020007399,0.68714535,0.50299269
998,31936,0.00020004162,0.62411195,0.49051368
999,31968,0.0002000185,0.69251642,0.43184179
1000,32000,0.00020000462,0.63909391,0.33809361
